,ID,imp,emo0,emo1,emo2,emo3
0,sm17961470,1,0.2957113351962094,0.3174583890171303,0.2211152958328271,0.165714979953833
1,sm12419220,0,0.7003212482790271,0.0796466268930702,0.1242312987608995,0.0958008260670032
2,sm5430176,0,0.3818222420723537,0.2564091112103617,0.2211255024564537,0.1406431442608307
3,so15281450,0,0.4768554840734348,0.3328102934253883,0.1463988702337988,0.043935352267378
4,sm2069100,2,0.3335379436446808,0.1317263832343901,0.3942594878090573,0.1404761853118716
5,so23867610,0,0.4025408893112589,0.3528735057270044,0.1935677487120492,0.0510178562496873
6,sm19817730,0,0.6426603157107428,0.0467070818407274,0.2113923552336338,0.0992402472148958
7,sm16601690,0,0.4927436372249257,0.1110201972352611,0.3088583609663666,0.0873778045734464
8,sm17241370,0,0.7499945563418617,0.0545236799129014,0.1000653238976592,0.0954164398475775
9,so27026038,0,0.368875458666091,0.3470753291603712,0.2304122598748111,0.0536369522987265
10,sm5600850,0,0.4212310902451747,0.2307424795687706,0.1966614501825769,0.1513649800034776
11,sm24957940,0,0.4219573400250941,0.1973651191969887,0.2316185696361355,0.1490589711417816
12,sm13722470,0,0.8299849321948769,0.0483843964506947,0.0775154863552653,0.0441151849991629
13,sm10306280,2,0.3770868770868771,0.1088326088326088,0.4706419706419706,0.0434385434385434
14,sm27137010,0,0.6135365538620512,0.0985791785068457,0.2198915009041591,0.0679927667269439
15,sm24106810,0,0.5865494841421475,0.1813144822315628,0.1937332823844096,0.03840275124188
16,sm22887980,1,0.3161709337349397,0.3235128012048193,0.2693900602409638,0.0909262048192771
17,sm841041,0,0.5212532865907099,0.1262050832602979,0.2870289219982471,0.0655127081507449
18,sm18682960,1,0.3829512974275626,0.4819256851426329,0.1119766855349436,0.0231463318948607
19,sm5664150,0,0.7963427223123433,0.034065772010028,0.0750626751216634,0.0945288305559652
20,so21334230,0,0.5208068148438265,0.1075100362283364,0.2780769607363164,0.0936061881915206
21,sm1842140,0,0.5290299947377654,0.1312050517453078,0.2648658130152604,0.0748991405016663
22,sm31978460,0,0.4865470852017937,0.2186961021041738,0.2105898585719213,0.084166954122111
23,sm20900240,0,0.4469399213924761,0.2577038676222875,0.2314297981966509,0.0639264127885854
24,sm22078450,0,0.7275061866741374,0.093710603726012,0.1483867955362562,0.0303964140635943
25,sm13850060,0,0.528782045262466,0.1416095408019532,0.2297868344445487,0.099821579491032
26,sm2120510,0,0.5660933660933661,0.1471130221130221,0.1934889434889435,0.0933046683046683
27,sm7831420,0,0.5157567641088954,0.128565150976166,0.3256711795601498,0.0300069053547887
28,sm334140,0,0.4285445597316698,0.2314974452211529,0.2314974452211529,0.1084605498260242
29,sm16620130,0,0.7504308859014133,0.0388142019993105,0.1012064805239572,0.1095484315753188
30,sm6194690,0,0.505170185264972,0.2324429125376992,0.1956053425247738,0.0667815596725549
31,sm23313490,1,0.3114827534717037,0.4499029416156488,0.1745557712408541,0.0640585336717933
32,sm5206740,0,0.5802286978974548,0.1907045370711914,0.1444116562154186,0.084655108815935
33,sm7564290,0,0.4569476468674409,0.2462407876310242,0.2332267692699418,0.0635847962315929
34,sm36676440,0,0.4203754482176756,0.2218941151655769,0.2811643113267243,0.0765661252900232
35,sm27998129,0,0.5367952947927127,0.2273705350738775,0.1497633051212164,0.0860708650121933
36,sm18393920,2,0.3619788032279515,0.1840063705248294,0.4078367306729277,0.0461780955742913
37,sm2074910,0,0.6723204872906173,0.2059739955487876,0.0943422748037952,0.0273632423567998
38,sm2024200,0,0.6418070185320791,0.1092209767363262,0.1957415648059483,0.0532304399256463
39,sm19856000,1,0.2651205472595311,0.37202803036623,0.3156336030699925,0.0472178193042462
40,sm20540100,0,0.4686353388444366,0.2239511957915211,0.2331903983024623,0.0742230670615799
41,sm22427120,0,0.475086179880915,0.2546223754308994,0.185051707928549,0.0852397367596364
42,sm19650590,0,0.8205547976352887,0.0352887676216462,0.0844020009095043,0.0597544338335607
43,sm1105481,0,0.5870789197442504,0.09294780036263,0.2913445939498044,0.0286286859433152
44,sm4902040,0,0.4900644100315198,0.1474578593942716,0.2909414828011512,0.0715362477730574
45,sm15177710,0,0.8154741229593608,0.0446769711705453,0.0900052101424105,0.0498436957276832
46,sm24142327,0,0.6713556750792994,0.0912977520342021,0.1758378154737277,0.0615087574127706
47,sm16777840,0,0.8061641292239139,0.0601559598960267,0.0933902710731526,0.0402896398069067
48,sm13125230,0,0.8102058137067685,0.0639719923615531,0.0882664969234033,0.0375556970082749
49,sm18274165,0,0.3669415292353823,0.2271364317841079,0.328335832083958,0.0775862068965517
50,sm33086310,1,0.2919926969222743,0.3643714136671883,0.2789514866979655,0.0646844027125717
51,sm35613470,1,0.2577166734061194,0.3236285213640652,0.3128453969537673,0.1058094082760479
52,sm22573210,0,0.6072730761849933,0.1955478794857033,0.1515064287085012,0.0456726156208021
53,sm10521100,0,0.4705410362219165,0.2442304753171328,0.2096515359926639,0.0755769524682867
54,sm27509317,0,0.6597771023302939,0.1483282674772036,0.1513677811550152,0.0405268490374873
55,so20811229,0,0.4260245901639344,0.3485655737704918,0.1794398907103825,0.0459699453551912
56,sm24089090,0,0.5267260579064588,0.2162583518930957,0.1706013363028953,0.0864142538975501
57,sm27264240,0,0.6889396140278066,0.1326001245071591,0.1379954347374974,0.0404648267275368
58,sm1261860,1,0.3335406817616322,0.4297088828066683,0.1723065439163971,0.0644438915153023
59,sm20615010,1,0.448605577689243,0.4531872509960159,0.0752988047808765,0.0229083665338645
60,sm14922560,0,0.8122570614148743,0.0611557398289712,0.0948432236330655,0.0317439751230888
61,sm21142930,0,0.5971725430080055,0.1323454266734798,0.1871912791687957,0.0832907511497189
62,sm24168180,0,0.7447260439295197,0.0821144098479362,0.121119961380642,0.052039584841902
63,sm18220165,0,0.5103676377051266,0.2205826230759445,0.232922020099224,0.0361277191197048
64,sm27155810,0,0.6628044950094227,0.0949954631116074,0.1726809520485796,0.0695190898303901
65,sm23134050,0,0.4150518251464624,0.2596992912450325,0.1683805153836699,0.1568683682248351
66,sm24752440,0,0.6650374311699561,0.1259048443976984,0.1552929530408958,0.0537647713914496
67,sm28345520,2,0.4324130512728577,0.0806740767300107,0.4550017927572606,0.0319110792398709
68,sm13715450,0,0.4570273003033367,0.2042467138523761,0.1951466127401415,0.1435793731041456
69,sm27283474,0,0.5377875136911281,0.1106243154435925,0.248630887185104,0.1029572836801752
70,sm10086900,0,0.7366560833882466,0.0444497693644042,0.1413466722578326,0.0775474749895165
71,sm29284620,0,0.4119087996985114,0.1428302242321462,0.2613529300923309,0.1839080459770115
72,sm21440120,0,0.6622428778983321,0.0843776816741293,0.1522213820233311,0.1011580584042074
73,sm13406580,1,0.3612314559537876,0.4459432847577786,0.1402947354601549,0.0525305238282788
74,so19124990,0,0.5958777540867093,0.1083155650319829,0.2066808813077469,0.0891257995735607
75,sm7539110,0,0.621737232649498,0.1137494543867306,0.217867015859159,0.0466462971046122
76,sm21075820,0,0.3903564834540548,0.2021729867916489,0.3223973867348388,0.0850731430194574
77,sm8229390,0,0.4994928148774302,0.1983214587610192,0.2414442700156986,0.0607414563458519
78,sm278840,0,0.532010243277849,0.1870998719590269,0.2267925736235595,0.0540973111395646
79,sm9014310,0,0.7932482887367766,0.0416925948973242,0.1252333540759178,0.0398257622899813
80,sm17536640,1,0.4123569162874086,0.4738656737001793,0.0889532478278858,0.0248241621845262
81,sm22427900,0,0.4708769633507853,0.2974476439790576,0.1374345549738219,0.094240837696335
82,sm25291060,0,0.4161114476075106,0.1233595800524934,0.2822531798909751,0.1782757924490208
83,sm19216490,1,0.3017574564282068,0.3654925982644206,0.219791438780719,0.1129585065266535
84,sm1594970,0,0.659491860227505,0.0814658402016211,0.1672229412165383,0.0918193583543355
85,sm29142390,0,0.4071489001692047,0.1294416243654822,0.2620558375634518,0.2013536379018612
86,sm8157950,0,0.6085526315789473,0.0577485380116959,0.2618786549707602,0.0718201754385964
87,sm311320,0,0.4739939255884586,0.2040622627182991,0.2374715261958997,0.0844722854973424
88,sm27636229,0,0.5501687634243633,0.1914697760049094,0.2056612457809143,0.0527002147898128
89,sm22001720,1,0.3222287390029325,0.4068035190615836,0.1449853372434017,0.1259824046920821
90,sm20466740,0,0.7542527339003645,0.0877885783718104,0.1245443499392466,0.0334143377885783
91,sm2588210,0,0.7042672841548131,0.1220169179150323,0.1307121591607201,0.0430036387694343
92,sm27544320,0,0.565518116631766,0.1071133955200203,0.1870677073418364,0.1403007805063773
93,sm15751190,0,0.4507217498715186,0.2286788506099485,0.194151166250417,0.1264482332681158
94,sm24438970,0,0.3466119956901712,0.2435352567939662,0.3158446067281216,0.0940081407877409
95,sm25801570,0,0.6678728760226558,0.1183920704845815,0.138687853996224,0.0750471994965387
96,sm12772660,0,0.7350744172985116,0.0776748104465037,0.1478236450435271,0.0394271272114574
97,sm17844660,0,0.7223608768971332,0.0389207419898819,0.1843507588532883,0.0543676222596964
98,sm7162700,0,0.8022806175731745,0.0390075926500889,0.1051680826441615,0.053543707132575
99,sm32352047,1,0.3172245092774894,0.4036453672215261,0.2175884493765288,0.0615416741244555
100,sm30964600,0,0.3762385237705663,0.2502499772747932,0.2455231342605217,0.1279883646941187
101,sm18502460,0,0.4648224497938555,0.3733209203351509,0.1187657933235802,0.0430908365474132
102,sm14315840,0,0.807492611230929,0.0433740714114545,0.1082354820672577,0.0408978352903586
103,sm24990461,1,0.2825951869845215,0.4207716642187323,0.2027736978872444,0.0938594509095017
104,sm18277220,0,0.7386313991818579,0.0875332618451884,0.1266134477143651,0.0472218912585885
105,sm24216260,0,0.6423525798525799,0.096590909090909,0.206541769041769,0.054514742014742
106,sm21291060,0,0.5994722181498314,0.1608268582319308,0.1683037677759859,0.0713971558422518
107,sm472410,1,0.3098297360592442,0.340337996075701,0.241091208304323,0.1087410595607317
108,sm619760,0,0.7763739734680986,0.0777005685407454,0.1250789639924194,0.0208464939987365
109,sm6580450,0,0.3948615786219688,0.3330356529504705,0.197774266675826,0.0743285017517345
110,sm25424040,0,0.6175106300734441,0.1834170854271356,0.1494008504058755,0.0496714340935446
111,sm16456520,0,0.7625090645395214,0.0580130529369108,0.1278704375151075,0.0516074450084602
112,sm8904189,0,0.7832804749125803,0.0786370659510449,0.0908351630478978,0.0472472960884768
113,sm24968970,0,0.3333879691853794,0.2633994427143091,0.3148664153417472,0.0883461727585641
114,sm29520630,1,0.2383919843597263,0.4424486803519061,0.208822091886608,0.1103372434017595
115,sm14534480,0,0.7915030373688409,0.0767089034791679,0.0929235442105909,0.0388645149414002
116,sm21372190,0,0.706366612631512,0.06382505324052,0.1006007437780108,0.1292075903499571
117,sm25461280,0,0.5718918918918919,0.0776756756756756,0.2116216216216216,0.1388108108108108
118,sm9063970,0,0.6029502151198525,0.1477028272894898,0.1837354025814382,0.0656115550092194
119,sm20036450,0,0.4017146356399265,0.187385180649112,0.2963870177587263,0.1145131659522351
120,sm24934550,0,0.584831899921814,0.0906958561376075,0.2431587177482408,0.0813135261923377
121,sm26854230,0,0.6050011064394778,0.0846426200486833,0.1768090285461385,0.1335472449657003
122,sm30590420,0,0.5153348339898706,0.2151800787844682,0.205472706809229,0.0640123804164321
123,sm7882150,0,0.3552406380502498,0.255083179297597,0.3054699801465051,0.0842062025056479
124,sm4090650,0,0.642457689477557,0.0816777041942604,0.2036055923473142,0.0722590139808682
125,sm4622890,0,0.5046676096181046,0.1852899575671852,0.2438472418670438,0.0661951909476662
126,sm8447870,0,0.3546267567074284,0.3042526008395693,0.2283263369227961,0.1127943055302062
127,sm9510630,0,0.479151132778893,0.2144536851161456,0.2298250645253799,0.0765701175795813
128,sm13260750,0,0.7007042253521126,0.1785714285714285,0.0841297786720322,0.0365945674044265
129,sm7427060,0,0.7171316037889391,0.0522118420624328,0.1372676670681293,0.0933888870804986
130,sm20569190,0,0.4678319077724061,0.1394570472294533,0.3112681294161398,0.0814429155820007
131,sm2732357,0,0.5252507478444484,0.083934541615344,0.328347703677635,0.0624670068625725
132,sm1031270,0,0.3927911275415896,0.2858903265557609,0.2443006777572396,0.0770178681454097
133,sm17067980,1,0.2795497185741088,0.3686679174484052,0.275797373358349,0.0759849906191369
134,sm19625630,1,0.2480349016510587,0.4449960509985332,0.1872578886005491,0.1197111587498589
135,sm9265460,0,0.670162558993183,0.1027792343995804,0.1924488725747247,0.0346093340325118
136,sm2219100,0,0.5842220828105396,0.1792659974905897,0.1759723964868255,0.0605395232120451
137,sm23969030,0,0.7118713932399011,0.0861500412201154,0.146176834295136,0.0558017312448474
138,sm10150980,1,0.3067228698008516,0.3969633102499032,0.2100305389479117,0.0862832810013334
139,sm24377110,0,0.5762031645777822,0.1625053455705779,0.202539557222277,0.0587519326293628
140,sm24683018,0,0.6754475183075671,0.1430024410089503,0.1075061025223759,0.0740439381611065
141,sm30741025,0,0.3789836347975883,0.2635658914728682,0.2390180878552971,0.1184323858742463
142,sm17673790,0,0.7097345132743362,0.0601769911504424,0.121976401179941,0.1081120943952802
143,sm37601190,1,0.2315061202767429,0.5545502927088877,0.1633847791378392,0.05055880787653
144,sm8613232,0,0.5420982174311281,0.0849010075389276,0.2826745578806454,0.0903262171492989
145,sm16207490,0,0.8128839812268243,0.0831520326204452,0.0658018964738721,0.0381620896788582
146,sm5546860,0,0.8514200932598559,0.0190758796100042,0.1055532005086901,0.0239508266214497
147,sm17064620,1,0.2732935719019218,0.3687872763419483,0.303247183565275,0.0546719681908548
148,sm25051049,0,0.7290322580645161,0.086405529953917,0.1367511520737327,0.0478110599078341
149,sm21553880,0,0.691118679591302,0.0888656012575321,0.1539952842546502,0.0660204348965155
150,sm27666317,0,0.5974580202245107,0.1239447073012338,0.1628165878096298,0.1157806846646256
151,sm5818100,0,0.510564147244609,0.246351557394903,0.1868873883685471,0.0561969069919407
152,sm2406770,1,0.3094413155349949,0.3965265055615758,0.1595338869802271,0.1344982919232021
153,sm8891090,0,0.7207208940008848,0.0716277817314535,0.1489103883364428,0.0587409359312188
154,sm16719480,2,0.3368178115666576,0.2213548737442302,0.3534482758620689,0.0883790388270431
155,sm17779150,0,0.3532242540904716,0.3166506256015399,0.2165543792107796,0.1135707410972088
156,sm23807389,0,0.6336755646817248,0.1141683778234086,0.1856262833675564,0.06652977412731
157,sm29916130,0,0.6316964285714286,0.0691964285714285,0.1524234693877551,0.1466836734693877
158,sm15633620,0,0.494860298540106,0.1694187763136311,0.2514079501339603,0.0843129750123024
159,sm21331970,0,0.6938260774207698,0.1019848667617063,0.1572540848777278,0.046934970939796
160,sm4724910,0,0.7526553791145231,0.083394678725418,0.1213587127984015,0.0425912293616573
161,sm25425760,0,0.5901394422310757,0.1120517928286852,0.2425298804780876,0.0552788844621513
162,sm24326780,0,0.4290102389078498,0.3116040955631399,0.1546075085324232,0.104778156996587
163,sm27488670,0,0.4923500085954959,0.1305226061543751,0.2544266804194602,0.1227007048306687
164,sm1278460,0,0.7633316404266125,0.1051295073641442,0.1020822752666328,0.0294565769426104
165,sm28522610,0,0.4523190290420459,0.2860858257477243,0.130039011703511,0.1315561335067187
166,sm12742112,0,0.4343783526046013,0.2593276910239599,0.2394802717844796,0.0668136845869591
167,sm37195030,0,0.3435897435897436,0.2726495726495726,0.2564102564102564,0.1273504273504273
168,sm25221440,1,0.3393720999111462,0.3655346036133873,0.2186790403791094,0.0764142560963569
169,sm27266160,0,0.7205697069296083,0.0839222130923034,0.1480690221857025,0.0474390577923856
170,sm30597080,0,0.5796460176991151,0.1327433628318584,0.1969026548672566,0.0907079646017699
171,nm8232118,0,0.5275607180570222,0.1586061246040126,0.2639915522703273,0.0498416050686378
172,sm7868250,0,0.5436450839328537,0.1887290167865707,0.2119904076738609,0.0556354916067146
173,sm246990,0,0.421440567270013,0.195185668968091,0.198264601604777,0.1851091621571188
174,sm29445580,0,0.637504356918787,0.0690135935866155,0.2110491460439177,0.0824329034506796
175,sm29776010,0,0.6069647145760206,0.0856271937927212,0.2290781452059856,0.0783299464252725
176,sm4106190,0,0.8041035950804163,0.0370151371807001,0.0866840113528855,0.0721972563859981
177,sm29921300,0,0.6285773537951058,0.0661551223558689,0.1683948569058481,0.1368726669431771
178,sm13170350,0,0.8181545386346587,0.0748687171792948,0.0748687171792948,0.0321080270067516
179,sm21333410,0,0.655941190648349,0.093878042901904,0.1741383465895396,0.0760424198602072
180,sm19132400,0,0.7852325479548042,0.0657791013401068,0.1143908207059647,0.0345975299991241
181,sm16024389,0,0.4433051869722557,0.2414555689585846,0.2042621632488942,0.1109770808202653
182,sm11325229,0,0.7287194458755509,0.1119697750300532,0.13921804339115,0.0200927357032457
183,sm13762950,0,0.7787691187181355,0.0751092498179169,0.095502549162418,0.0506190823015295
184,sm16156229,0,0.7480742755998426,0.091197390848302,0.1248279139897731,0.035900419562082
185,sm3207770,0,0.3635372171226029,0.2632918295010452,0.2446605471235117,0.1285104062528401
186,sm23039440,1,0.2562996362145822,0.5148024798893273,0.1779986678280473,0.0508992160680432
187,sm21145040,0,0.7622635561160152,0.0712168978562421,0.1261664564943253,0.0403530895334174
188,sm3439870,0,0.6204460966542751,0.2044609665427509,0.1318463444857497,0.0432465923172242
189,sm27404620,0,0.5573042549603732,0.1361924568602102,0.1882974537687594,0.118205834410657
190,sm29185330,0,0.5230243612596553,0.0812537136066547,0.2263814616755793,0.1693404634581105
191,sm22242790,0,0.4952088229976496,0.190019887904538,0.2109925872355812,0.103778701862231
192,sm11384474,0,0.471924957061699,0.1827189853349187,0.3041352886775003,0.0412207689258818
193,sm30960260,0,0.5229202037351444,0.2262308998302207,0.1850594227504244,0.0657894736842105
194,sm2107510,0,0.5478755494268723,0.2075325346893045,0.1497026631043695,0.0948892527794535
195,sm8889330,1,0.2998251748251748,0.4396853146853147,0.1958041958041958,0.0646853146853146
196,sm29482160,0,0.6225766533754984,0.1063866355011687,0.2100233741234703,0.0610133369998625
197,sm15611820,0,0.639117550214027,0.109976950938426,0.1699045110306223,0.0810009878169246
198,sm13609389,0,0.4135548917102315,0.2727781926811053,0.2404779686333084,0.0731889469753547
199,sm22688012,0,0.5657370517928287,0.1082337317397078,0.2290836653386454,0.096945551128818
200,sm30591470,0,0.6488044240205624,0.1298387724900693,0.1667575356336163,0.054599267855752
201,sm23160860,0,0.4246130030959752,0.1769349845201238,0.2595975232198142,0.1388544891640867
202,sm14889810,0,0.5063264445381696,0.2043441585828764,0.1594264023618726,0.1299029945170814
203,sm2212070,0,0.6342409462728984,0.0959330235416106,0.0893659510733899,0.180460079112101
204,sm23049810,0,0.5906456783527188,0.1020714315071308,0.2306317044100119,0.0766511857301385
205,sm30273012,0,0.4642857142857143,0.1844624447717231,0.2621502209131075,0.089101620029455
206,sm13612500,0,0.4269444386661951,0.2595115761446134,0.2600940236723316,0.0534499615168597
207,sm24432950,0,0.4775413711583924,0.342789598108747,0.1400709219858156,0.0395981087470449
208,sm27033420,0,0.6418244984870559,0.1451305614703575,0.161380701557772,0.0516642384848145
209,sm5321420,0,0.5045558086560364,0.1693377806703547,0.2670164876884695,0.0590899229851393
210,sm23385270,0,0.6361754187841144,0.129493694711086,0.1803124411820064,0.0540184453227931
211,sm24610090,0,0.6897039030955585,0.1051816958277254,0.1534320323014804,0.0516823687752355
212,sm22511720,0,0.5977479892761394,0.181769436997319,0.1616621983914209,0.0588203753351206
213,sm27147440,0,0.6823702328459813,0.0595652510249864,0.1825636265181403,0.0755008896108919
214,sm30077041,0,0.4275684530774631,0.2052422185817926,0.294640767610578,0.0725485607301661
215,sm6875060,0,0.3324662186574174,0.3256738203627429,0.2500903244454079,0.0917696365344316
216,sm15862474,0,0.7301587301587301,0.0947420634920634,0.1220238095238095,0.0530753968253968
217,sm31791630,1,0.2395880857720133,0.5061591605292316,0.161224445458298,0.0930283082404571
218,sm30308300,1,0.2401325700512202,0.5183790298282616,0.170382645375113,0.0711057547454052
219,sm36015690,0,0.504048030564905,0.1682889111252615,0.2054944055307923,0.1221686527790412
220,sm31118650,0,0.4835709857408555,0.2585244885306881,0.2021078735275883,0.0557966522008679
221,sm15806481,0,0.7586349629765902,0.0519477532999126,0.1494274019224578,0.0399898818010394
222,sm9297140,0,0.719755346759753,0.0576222763213488,0.1355853771402128,0.0870369997786854
223,so19034120,0,0.5425661295226513,0.1356035269078747,0.2273487382183034,0.0944816053511705
224,sm26183540,0,0.6604228039945899,0.1322698386230152,0.1432938691568006,0.0640134882255942
225,sm25782830,0,0.458328793986273,0.1987144569125177,0.2306351454406798,0.1123216036605294
226,sm36210300,1,0.3366177278794064,0.4437073094135196,0.1768862369474758,0.042788725759598
227,sm24687940,0,0.3943064809206541,0.2029073288915808,0.2872198667474258,0.1155663234403392
228,sm17251540,0,0.7328823288232882,0.058220582205822,0.1589790897908979,0.0499179991799918
229,sm24561080,0,0.7120972524214272,0.0839098636094089,0.1430124530539632,0.0609804309152006
230,sm16309860,0,0.5109275730622618,0.1241423125794155,0.2373570520965692,0.1275730622617535
231,sm30832481,0,0.4341801385681293,0.1789838337182448,0.2921478060046189,0.0946882217090069
232,sm26571360,0,0.6470407614953558,0.1357181238965226,0.1461579795808705,0.0710831350272511
233,sm10245200,0,0.5353780523683437,0.1337893498087672,0.210429538099441,0.120403059723448
234,sm28019550,0,0.4250237266687757,0.2535590003163556,0.2242961088263207,0.0971211641885479
235,sm26848010,0,0.6143260842855388,0.0658557562354097,0.1490355080476717,0.1707826514313797
236,sm19150230,0,0.3691661136916611,0.2267197522671975,0.1397920813979208,0.2643220526432205
237,sm8436970,0,0.7190129162223012,0.0513686455741201,0.1564462614053798,0.0731721767981988
238,sm10601340,0,0.3630143319463708,0.3241793804900601,0.2312528895053167,0.0815533980582524
239,sm1098317,0,0.7779093870299082,0.0601717500740302,0.1157832395617411,0.0461356233343204
240,sm26937870,0,0.5616483568296478,0.1872318355415154,0.1993021830355038,0.051817624593333
241,sm14146540,0,0.7669992454095749,0.058690366395573,0.1274419384589586,0.0468684497358933
242,sm6983220,0,0.7527175640455153,0.0678914245756786,0.1238954929756531,0.055495518403153
243,sm28754930,0,0.422212750411009,0.2357669122572002,0.1740851245204895,0.1679352128113012
244,sm4767230,0,0.8426593431742763,0.0319258496395468,0.0715184803753289,0.0538963268108479
245,sm25523500,0,0.6719152041169015,0.1372172510465071,0.1268865931871423,0.0639809516494489
246,sm23171530,1,0.2936237426219968,0.3549754759331615,0.2918779615928173,0.0595228198520242
247,sm20065790,0,0.4875373878364905,0.1990694582917913,0.2376204719175806,0.0757726819541375
248,sm21440020,0,0.4165402124430956,0.1315123925139099,0.3282751643904906,0.1236722306525038
249,sm13171730,0,0.865288060590588,0.0482512126627521,0.0608458854565568,0.0256148412901029
250,sm13914810,0,0.5084897229669347,0.1492403932082216,0.2243074173369079,0.1179624664879356
251,sm30693030,0,0.5852878464818764,0.1950959488272921,0.1407249466950959,0.0788912579957356
252,sm15108950,1,0.2510506283947191,0.5369801371763866,0.1797466597946319,0.0322225746342623
253,sm30273006,0,0.3837209302325581,0.1504787961696306,0.304719562243502,0.1610807113543091
254,sm22356220,0,0.6873012351157459,0.0699652392574513,0.1705495155683751,0.0721840100584276
255,sm6945510,0,0.8643942883463842,0.0277521879318286,0.0705895900506679,0.0372639336711193
256,sm14171930,0,0.4938548575887632,0.0890557939914163,0.371244635193133,0.0458447132266874
257,sm31680050,0,0.3144174854622017,0.2857429316222177,0.2456386605173451,0.1542009223982354
258,sm13628080,1,0.301332152010885,0.3311078062209284,0.2673480365788058,0.1002120051893807
259,sm22610180,0,0.6478477760850734,0.0766496400513785,0.1706544791946709,0.1048481046688771
260,sm26038650,0,0.5674167416741674,0.1333933393339333,0.2061206120612061,0.093069306930693
261,sm1412176,0,0.5279496119671578,0.1851029130581487,0.1808570464514677,0.1060904285232257
262,sm14937150,0,0.6759634888438134,0.0796146044624746,0.1090263691683569,0.1353955375253549
263,sm14834740,0,0.807618161271023,0.0403509938177225,0.0809845110682709,0.0710463338429834
264,sm6792327,0,0.4957623912220961,0.2093832765796443,0.2269012485811578,0.0679530836171017
265,sm15016420,1,0.2472829922371207,0.531545518701482,0.160409315455187,0.0607621736062103
266,sm19939450,0,0.3855997270090428,0.2634362736734346,0.2361371779559802,0.1148268213615424
267,sm972890,0,0.3986804521865068,0.2121736331817999,0.2282254495715492,0.160920465060144
268,sm26831760,0,0.5658270334703096,0.0746886665202798,0.2146240471783933,0.1448602528310172
269,sm19577010,1,0.3031879809454012,0.3314034444851594,0.3094173689996335,0.0559912055698057
270,sm25862600,0,0.5275848512645787,0.2246101428384222,0.1564670423273489,0.0913379635696501
271,sm29327840,0,0.5776319204954203,0.1881929766010308,0.1670189490859198,0.0671561538176289
272,sm20895800,0,0.6692634560906515,0.0883498583569405,0.1720963172804532,0.0702903682719546
273,sm20671920,1,0.2916661798553586,0.3987685621151756,0.1856854108492715,0.1238798471801941
274,sm15971140,1,0.3187034157327471,0.3340125475896831,0.3026971955600837,0.0445868411174861
275,sm11264170,1,0.3191636293880683,0.3432572415116056,0.2880874736236332,0.0494916554766928
276,sm9874560,1,0.3133561643835616,0.3955479452054795,0.2137816521378165,0.0773142382731423
277,sm15887500,0,0.5725230489546812,0.1397221140111673,0.1867289962342553,0.1010258407998961
278,sm14870600,0,0.7543056463919773,0.1273786165872497,0.0909402348251269,0.027375502195646
279,sm27762357,0,0.4386509998870184,0.2935826460286973,0.1736526946107784,0.0941136594735058
280,sm33260180,1,0.295674751440694,0.3366474574124501,0.2306377050218478,0.1370400861250079
281,sm7766320,0,0.7005238451595347,0.053711136812028,0.1695013266208585,0.0762636914075787
282,sm26144120,0,0.5813449023861171,0.1297903109182935,0.2292118582791034,0.0596529284164859
283,sm21155770,0,0.7024837437373415,0.0645986568596098,0.1740752585012258,0.0588423409018228
284,sm23983010,0,0.7506948427229011,0.1027926059910883,0.1112630696607402,0.0352494816252702
285,sm11356560,0,0.8298639271875281,0.0637109128593313,0.0838064341713976,0.0226187257817428
286,sm24508041,0,0.4426585577758471,0.392267593397046,0.1398783666377063,0.0251954821894005
287,sm36588220,0,0.5784059129045146,0.077157411106672,0.2363663603675589,0.1080703156212544
288,sm4762038,0,0.3935969868173258,0.3709981167608286,0.1619585687382297,0.0734463276836158
289,sm12600360,0,0.7120372026471115,0.0901448756930781,0.1407619388302629,0.0570559828295474
290,sm2086160,0,0.7685221239778522,0.0795399504240547,0.0903383890666996,0.0615995365313933
291,sm6348750,0,0.7404337942792195,0.1002083727978783,0.1191513544231862,0.0402064784997158
292,sm24373950,0,0.719672131147541,0.1119307832422586,0.1276867030965391,0.0407103825136612
293,sm9553189,0,0.4997395019276857,0.0896113368761071,0.2847764926539544,0.1258726685422528
294,sm16881350,0,0.3803127506014435,0.1399358460304731,0.3787089013632718,0.1010425020048115
295,sm20803930,0,0.4291058069112932,0.1314570716066975,0.278232988956181,0.1612041325258283
296,sm20889720,0,0.6253087316577074,0.0888420746767398,0.2257736452128432,0.0600755484527095
297,sm21348590,0,0.3797778391058369,0.2115703049537739,0.3049537739754381,0.103698081964951
298,sm29178450,0,0.4101885730368702,0.2199268224036026,0.2382212215029552,0.1316633830565719
299,sm13985710,0,0.7602336470260999,0.0833062908534606,0.0983264568170228,0.0581336053034166
300,sm23756820,0,0.6375838926174496,0.1101596852580421,0.1937051608423975,0.0585512612821106
301,sm36533084,0,0.4870905587668593,0.2678227360308285,0.1475915221579961,0.097495183044316
302,sm15356310,0,0.8356523492639645,0.0475902399677354,0.0824763057067957,0.0342811050615043
303,sm27721038,0,0.6307289393278045,0.0746398952422522,0.2025316455696202,0.092099519860323
304,sm1040090,0,0.3399218570443576,0.3017697081130774,0.2461503102735003,0.1121581245690645
305,sm24797620,0,0.718362748779572,0.0885467517837026,0.136838152459632,0.0562523469770935
306,sm27957580,0,0.5184871099050203,0.1083785617367707,0.2700135685210312,0.1031207598371777
307,sm18257340,0,0.3955971381397908,0.3078701155751238,0.2391854705558613,0.057347275729224
308,sm39379690,0,0.4148749451513822,0.1103554190434401,0.3604651162790697,0.1143045195261079
309,sm16814250,0,0.3886305510346431,0.3818879330388282,0.1869332713322483,0.0425482445942804
310,sm11794550,0,0.6158951489646798,0.1031342252371082,0.2358729560538492,0.0450976697443627
311,sm28306630,0,0.664449617559029,0.0888759561024276,0.1829896907216494,0.0636847356168939
312,sm13170620,0,0.7893542757417102,0.0831588132635253,0.0766143106457242,0.0508726003490401
313,sm27338360,0,0.4790240316132886,0.1879795984009557,0.2286908973946606,0.1043054725910949
314,sm18396080,0,0.7586904016459433,0.0861257715359155,0.1186689328204669,0.0365148939976742
315,sm26231640,0,0.6003036949552893,0.1565716213936224,0.1658511894719082,0.07727349417918
316,nm7103480,0,0.5784477015323118,0.1224183877415056,0.1538640906062625,0.14526982011992
317,sm14666310,0,0.8042952386571479,0.0441913977225795,0.112927016343147,0.0385863472771254
318,sm17461850,0,0.7189940168339924,0.0720008112767467,0.142379069059933,0.0666261028293276
319,sm10842800,0,0.491440917400698,0.2652484626890476,0.2029250457038391,0.0403855742064151
320,sm27213490,0,0.7239422553114219,0.091338296713274,0.1283820591973851,0.056337388777919
321,sm5285040,0,0.4649035025017869,0.2586132952108649,0.1860614724803431,0.090421729807005
322,sm30023930,0,0.6087701267557383,0.0950668036998972,0.2299588900308324,0.066204179513532
323,sm14264720,0,0.3766841317365269,0.2728293413173652,0.2339071856287425,0.1165793413173652
324,sm27793790,0,0.5113176297386823,0.1890872285609127,0.1930437983069562,0.1065513433934486
325,sm2193920,0,0.7862412249863283,0.0503900626109083,0.1231347864421156,0.0402339259606477
326,sm14703600,1,0.3543101194107905,0.3870827159417763,0.1566286062930358,0.1019785583543972
327,sm27485100,1,0.2136883555222201,0.417101068816801,0.2649540596287268,0.104256516032252
328,sm24644910,0,0.4131497917044013,0.1856547726861075,0.2729577975004528,0.1282376381090382
329,sm2427600,0,0.4755658436213992,0.2296810699588477,0.2312242798353909,0.0635288065843621
330,sm19335770,0,0.3602985984156002,0.3251066422912858,0.2734613040828763,0.0411334552102376
331,sm27084410,0,0.3674359968968192,0.2506788207913111,0.2551396431342125,0.1267455391776571
332,sm2027200,0,0.7530507385998716,0.1271676300578034,0.0799614643545279,0.039820166987797
333,sm12294250,0,0.4910179640718562,0.0896901848476959,0.2530590991929185,0.1662327518875292
334,sm28185620,0,0.4876886417791898,0.2739802831378778,0.1697425594542821,0.0685885156286501
335,sm30722500,1,0.3404469792426553,0.3883016115126997,0.2226407586709994,0.0486106505736454
336,sm32392150,0,0.5205755659426267,0.0938502428741636,0.30363852992393,0.0819356612592796
337,sm28916290,0,0.6376897008987771,0.0862924217867491,0.1972398212268552,0.0787780560876184
338,sm22230060,0,0.5575617028325327,0.2655292363756832,0.1416266357462315,0.0352824250455524
339,sm22122720,1,0.3078680485902151,0.4574835617965006,0.1663880530480329,0.0682603365652513
340,sm19980280,0,0.3829445651147417,0.1539805458494664,0.2287279252054018,0.23434696383039
341,sm6167850,0,0.8141856111259695,0.0511794597485958,0.0701043059641615,0.064530623161273
342,sm30273018,0,0.4775390625,0.1279296875,0.2958984375,0.0986328125
343,sm12332377,0,0.5402691732535783,0.140781884212775,0.228085166987111,0.0908637755465356
344,sm13476300,0,0.4295110721333041,0.2667178250383687,0.1898706424029818,0.1139004604253453
345,sm11509720,0,0.4847040950210621,0.2689040812098612,0.172260203024653,0.0741316207444237
346,sm19918800,0,0.5838478938680687,0.2611725866601455,0.130036070184019,0.0249434492877667
347,sm28074461,0,0.4871418074944893,0.1520940484937546,0.242468772961058,0.118295371050698
348,sm5505350,0,0.8427051509389621,0.0376599653897921,0.0779904715106714,0.0416444121605742
349,sm13691461,0,0.4331469528670069,0.2467915040528369,0.2767749924947463,0.0432865505854097
350,sm12359740,0,0.346861879642588,0.3452470664226504,0.1984067176229949,0.1094843363117666
351,sm16203010,1,0.2629018245004344,0.3492615117289314,0.2590790616854909,0.1287576020851433
352,sm21224047,0,0.3497672288788827,0.2011447760054949,0.3216515301839273,0.127436464931695
353,sm15874112,0,0.8334188648260289,0.0349994868110438,0.0872421225495227,0.0443395258134044
354,sm10879860,0,0.5862804878048781,0.0689024390243902,0.2536585365853658,0.0911585365853658
355,sm30766050,0,0.5620017714791852,0.1577881817031507,0.2092243451853726,0.0709857016322915
356,sm31159377,1,0.3547491829641542,0.3674326918088914,0.2276028427659905,0.0502152824609638
357,sm17615260,0,0.6914637811842501,0.0907724676886083,0.1520889690411782,0.0656747820859633
358,sm22477690,0,0.6696925818667855,0.1261416796613945,0.1542102918244597,0.0499554466473602
359,sm11467790,0,0.590835322195704,0.0810501193317422,0.2298806682577565,0.0982338902147971
360,nm9262049,0,0.7183397924740592,0.0900112514064258,0.1365170646330791,0.0551318914864358
361,sm30692720,0,0.4421885425602898,0.3065484701172433,0.1775807835287389,0.0736822037937279
362,sm29662049,0,0.4741306191687871,0.1583262651964942,0.2804636697766469,0.0870794458580718
363,sm29792510,0,0.6296398319674954,0.0961366297086977,0.207148268025618,0.0670752702981888
364,sm1660710,0,0.7744916058243617,0.1003588664769211,0.1031225508394175,0.0220269768592995
365,sm12908050,0,0.788548108881316,0.0860785056165593,0.0907063822626109,0.0346670032395136
366,sm29435180,0,0.611359453063371,0.1580331317381015,0.1494872469103339,0.0811201682881935
367,sm8938000,0,0.7654671157596171,0.0948413401879099,0.0858003900017727,0.0538911540507002
368,sm27043710,0,0.6412072163210252,0.117237115719665,0.1597257348395436,0.0818299331197662
369,sm14930333,0,0.7479657306285671,0.0596676832740663,0.1264094354665215,0.0659571506308449
370,sm19028880,0,0.2861310319679105,0.2753129938008994,0.2361735748146347,0.2023823994165552
371,sm14961420,0,0.4333812949640288,0.2094964028776978,0.278273381294964,0.0788489208633093
372,sm26325360,0,0.32336578581363,0.2541724617524339,0.3141515994436717,0.1083101529902642
373,sm28589350,0,0.456241426611797,0.2796982167352537,0.17119341563786,0.0928669410150891
374,sm5804510,0,0.7615055138587723,0.0753792898964387,0.1182327073457387,0.0448824888990501
375,sm4214377,0,0.5513209181463837,0.2135123430056301,0.1489822433954092,0.0861844954525768
376,sm24842310,0,0.6816227834497582,0.1182160128962923,0.1567257746731148,0.0434354289808346
377,sm21585451,0,0.8029943399671353,0.0828008033595033,0.0832572576227862,0.0309475990505751
378,sm1579140,0,0.4072119613016711,0.297273526824978,0.21688654353562,0.0786279683377308
379,sm31642420,1,0.2883273089866633,0.408544185466783,0.1953446341767418,0.1077838713698118
380,sm31808640,0,0.3871973466003316,0.2567827529021559,0.2296517412935323,0.1263681592039801
381,sm27466660,1,0.2572565931331896,0.4496599767789019,0.2300547354453475,0.0630286946425609
382,sm7289181,0,0.5218415805691499,0.105310857350009,0.274605764002175,0.0982417980786659
383,sm31700140,0,0.2806267806267806,0.2365802921358477,0.2092660425993759,0.2735268846379957
384,sm28104000,0,0.4322270078540663,0.3415252090195085,0.1611350392703319,0.0651127438560932
385,sm8228650,1,0.2994068316629167,0.3459603190836572,0.2494579668643894,0.1051748823890366
386,sm18942090,2,0.2859662383471907,0.2479213907785336,0.2874779541446208,0.1786344167296548
387,sm3200040,0,0.4461632403826582,0.1745224041173562,0.2400628071297723,0.1392515483702131
388,sm17923118,0,0.642664872139973,0.1069986541049798,0.1833781965006729,0.0669582772543741
389,sm8025400,0,0.7780843224026515,0.0688984761234654,0.1037458107282389,0.049271390745644
390,sm21513190,1,0.3825540139037124,0.3904145152450457,0.1308304727839155,0.0962009980673262
391,sm23261650,0,0.4932259245697546,0.1080190406444525,0.3024533138044672,0.0963017209813255
392,sm3884025,0,0.608,0.1067428571428571,0.2046857142857142,0.0805714285714285
393,sm29876900,0,0.3728536385936222,0.3376941946034342,0.1864268192968111,0.1030253475061324
394,sm2310110,0,0.5592776680043186,0.0994174084862805,0.2186042248069911,0.1227006987024098
395,sm10533990,0,0.7526427061310782,0.0584278300980203,0.1276186815298866,0.0613107822410148
396,sm27140340,0,0.5423417212455475,0.0605538320119499,0.2245202803630931,0.1725841663794094
397,sm6696570,0,0.7441056701912877,0.0886630393867843,0.1227115628101153,0.0445197276118126
398,sm23985500,1,0.2445946411945239,0.5159488258215801,0.1856960584847753,0.0537604744991206
399,sm25306420,0,0.5376096949435855,0.1539908065190137,0.2365231926452152,0.0718763058921855
400,so27083910,0,0.4167054805154479,0.2099311701081612,0.2682813227759664,0.1050820266004243
401,sm26159430,0,0.6304673208049226,0.1302178613005155,0.172792283385997,0.0665225345085647
402,sm18631620,0,0.3682587064676617,0.2433941404090658,0.3450193477059148,0.0433278054173576
403,sm12374084,0,0.6262904335856848,0.1206698784124799,0.1824577502485279,0.0705819377533073
404,sm10889370,0,0.4325476992143658,0.1031986531986531,0.2359708193041526,0.2282828282828282
405,sm24523100,0,0.541967270807672,0.1998944219602322,0.1926212681095665,0.0655170391225291
406,sm14926860,2,0.2998342724560822,0.2927411335764004,0.3109048723897912,0.0965197215777262
407,sm34214810,1,0.2352175045584787,0.4503777025266997,0.2326126595467569,0.0817921333680646
408,sm28018250,0,0.5005114217524719,0.1336515513126491,0.2773610637572451,0.0884759631776338
409,sm4656118,0,0.3814156323381416,0.1875209661187521,0.2069775243206977,0.2240858772224085
410,sm11230780,0,0.7847354870857902,0.045704952523323,0.1000539822273897,0.0695055781634969
411,sm29837060,0,0.3884297520661157,0.2462809917355372,0.2661157024793388,0.0991735537190082
412,sm11982230,0,0.6963636044079653,0.1111482151958802,0.1255074960015466,0.0669806843946078
413,sm24022090,0,0.7363314338518404,0.0993377483443708,0.1289080548282766,0.035422762975512
414,sm12798100,0,0.8321707016823964,0.0320065654493229,0.0797428532348516,0.056079879633429
415,sm22735360,0,0.7531808803301238,0.0722145804676753,0.1375515818431912,0.0370529573590096
416,sm6395940,0,0.7938102893890675,0.0542604501607717,0.0996784565916398,0.0522508038585209
417,sm4236176,0,0.519435736677116,0.2981191222570533,0.1100313479623824,0.0724137931034482
418,sm13673650,0,0.7936230436230436,0.0538628038628038,0.1024808524808524,0.0500333000333
419,sm26865130,0,0.5273338940285954,0.1783010933557611,0.2068965517241379,0.0874684608915054
420,sm26396960,0,0.6540891939809974,0.118288857571487,0.1397008683002227,0.0879210801472928
421,sm9809880,0,0.3343643940370323,0.2124414658246337,0.1438759290286549,0.3093182111096791
422,sm17629610,0,0.7447306791569087,0.0379976580796252,0.1254098360655737,0.0918618266978922
423,sm11970630,1,0.3254511512134412,0.3591578510682431,0.2694461729931549,0.0459448247251607
424,sm16098496,0,0.6516338620294286,0.0703229505064016,0.0940187273074718,0.1840244601566978
425,sm17426140,0,0.7827570438636603,0.0898026662914629,0.0796369903971297,0.047803299447747
426,sm19870840,3,0.2281257214471818,0.233336631377593,0.1511823488671217,0.3873552983081033
427,sm26882240,0,0.6401712014674411,0.0769387547131356,0.1659023744013044,0.1169876694181188
428,sm20825700,0,0.661779797683624,0.0940477935786541,0.1694766163319161,0.0746957924058056
429,sm27561590,0,0.4090595221654468,0.3221930672559038,0.159508355199558,0.1092390553790912
430,sm21564830,0,0.6803698409539146,0.078202182134004,0.1800170083413248,0.0614109685707565
431,sm15878480,0,0.61895254185225,0.0787897404392566,0.2102595607433574,0.0919981569651359
432,sm20503130,1,0.2764682112068966,0.4108297413793103,0.2165274784482758,0.0961745689655172
433,sm29133780,0,0.422399468261881,0.0952143569292123,0.2638750415420405,0.218511133266866
